[gd_scene format=2]

[node name="RayCast" type="RayCast"]
transform = Transform( 0.985984, 0.166802, 0.0034445, 0, 0.0206458, -0.999787, -0.166838, 0.985774, 0.0203564, 0, 0.722433, 0 )
enabled = true
cast_to = Vector3( 0, 1, 0 )

[node name="RayCast2" type="RayCast" parent="."]
transform = Transform( 0.830761, 0.55651, 0.0114921, -0.55651, 0.830833, -0.00349332, -0.011492, -0.00349333, 0.999927, 0, 0, 0 )
enabled = true
cast_to = Vector3( 0, 2, 0 )

[node name="RayCast3" type="RayCast" parent="."]
transform = Transform( 0.65027, 0.75954, 0.0156847, -0.75954, 0.650419, -0.0072189, -0.0156847, -0.0072189, 0.99985, 0, 0, 0 )
enabled = true
cast_to = Vector3( 0, 2, 0 )

[node name="RayCast4" type="RayCast" parent="."]
transform = Transform( 0.434146, 0.90065, 0.0185986, -0.900649, 0.434387, -0.01168, -0.0185986, -0.01168, 0.999758, 0, 0, 0 )
enabled = true
cast_to = Vector3( 0, 2, 0 )

[node name="RayCast5" type="RayCast" parent="."]
transform = Transform( 0.178373, 0.983752, 0.0203147, -0.983752, 0.178723, -0.0169595, -0.0203147, -0.0169595, 0.999649, 0, 0, 0 )
enabled = true
cast_to = Vector3( 0, 2, 0 )

[node name="RayCast6" type="RayCast" parent="."]
transform = Transform( -0.113324, 0.993345, 0.0205128, -0.993345, -0.11285, -0.0229805, -0.0205128, -0.0229805, 0.999524, 0, 0, 0 )
enabled = true
cast_to = Vector3( 0, 2, 0 )

[node name="RayCast7" type="RayCast" parent="."]
transform = Transform( -0.364892, 0.93085, 0.0192222, -0.930849, -0.364311, -0.0281733, -0.0192222, -0.0281733, 0.999417, 0, 0, 0 )
enabled = true
cast_to = Vector3( 0, 2, 0 )

[node name="RayCast8" type="RayCast" parent="."]
transform = Transform( -0.635174, 0.772202, 0.0159461, -0.772202, -0.634477, -0.0337522, -0.0159461, -0.0337522, 0.999301, 0, 0, 0 )
enabled = true
cast_to = Vector3( 0, 2, 0 )

[node name="RayCast9" type="RayCast" parent="."]
transform = Transform( -0.841905, 0.539507, 0.0111409, -0.539507, -0.84112, -0.0380195, -0.0111409, -0.0380194, 0.999213, 0, 0, 0 )
enabled = true
cast_to = Vector3( 0, 2, 0 )

[node name="RayCast10" type="RayCast" parent="."]
transform = Transform( -0.935682, 0.352762, 0.00728461, -0.352762, -0.934857, -0.0399551, -0.0072846, -0.0399551, 0.999173, 0, 0, 0 )
enabled = true
cast_to = Vector3( 0, 2, 0 )

[node name="RayCast11" type="RayCast" parent="."]
transform = Transform( -0.994574, 0.103985, 0.00214732, -0.103985, -0.993724, -0.0411707, -0.00214732, -0.0411707, 0.999148, 0, 0, 0 )
enabled = true
cast_to = Vector3( 0, 2, 0 )

[node name="RayCast12" type="RayCast" parent="."]
transform = Transform( -0.978467, -0.206348, -0.00426111, 0.206348, -0.977624, -0.0408383, 0.00426112, -0.0408383, 0.999154, 0, 0, 0 )
enabled = true
cast_to = Vector3( 0, 2, 0 )

[node name="RayCast13" type="RayCast" parent="."]
transform = Transform( -0.876817, -0.480717, -0.00992689, 0.480717, -0.876017, -0.03874, 0.00992689, -0.0387401, 0.999197, 0, 0, 0 )
enabled = true
cast_to = Vector3( 0, 2, 0 )

[node name="RayCast14" type="RayCast" parent="."]
transform = Transform( -0.67681, -0.735997, -0.0151985, 0.735997, -0.676095, -0.0346116, 0.0151985, -0.0346116, 0.999282, 0, 0, 0 )
enabled = true
cast_to = Vector3( 0, 2, 0 )

[node name="RayCast15" type="RayCast" parent="."]
transform = Transform( -0.371091, -0.928395, -0.0191715, 0.928395, -0.370507, -0.0283012, 0.0191715, -0.0283012, 0.999413, 0, 0, 0 )
enabled = true
cast_to = Vector3( 0, 2, 0 )

[node name="RayCast16" type="RayCast" parent="."]
transform = Transform( -0.0943512, -0.995323, -0.0205536, 0.995323, -0.0938848, -0.0225889, 0.0205536, -0.0225889, 0.99953, 0, 0, 0 )
enabled = true
cast_to = Vector3( 0, 2, 0 )

[node name="RayCast17" type="RayCast" parent="."]
transform = Transform( 0.207467, -0.97803, -0.0201965, 0.97803, 0.207805, -0.0163589, 0.0201965, -0.0163589, 0.999659, 0, 0, 0 )
enabled = true
cast_to = Vector3( 0, 2, 0 )

[node name="RayCast18" type="RayCast" parent="."]
transform = Transform( 0.482501, -0.875704, -0.0180835, 0.875704, 0.482721, -0.0106818, 0.0180835, -0.0106818, 0.999776, 0, 0, 0 )
enabled = true
cast_to = Vector3( 0, 2, 0 )

[node name="RayCast19" type="RayCast" parent="."]
transform = Transform( 0.706079, -0.707976, -0.0146199, 0.707977, 0.706204, -0.00606686, 0.0146199, -0.00606687, 0.999871, 0, 0, 0 )
enabled = true
cast_to = Vector3( 0, 2, 0 )

[node name="RayCast20" type="RayCast" parent="."]
transform = Transform( 0.874785, -0.484399, -0.0100029, 0.484399, 0.874838, -0.00258452, 0.0100029, -0.00258453, 0.999943, 0, 0, 0 )
enabled = true
cast_to = Vector3( 0, 2, 0 )

[node name="RayCast21" type="RayCast" parent="."]
transform = Transform( 0.950679, -0.310095, -0.00640351, 0.310095, 0.9507, -0.00101795, 0.00640351, -0.00101797, 0.999975, 0, 0, 0 )
enabled = true
cast_to = Vector3( 0, 2, 0 )

[node name="RayCast" type="RayCast" parent="."]
transform = Transform( 0.960255, 0.279066, 0.00576276, -0.279066, 0.960271, -0.000820396, -0.00576276, -0.000820396, 0.999983, 0, 0, 0 )
enabled = true
cast_to = Vector3( 0, 2, 0 )
